149  85
 643 631 681 672 623 628 624 665 713 671 679 704 732 783 757 695 653 716 821 909 909 947 959 823 686 572 507 544 585 619 562 644 644 674 917 718 670 576 599 673 691 655 711 689 619 413 323 337 391 389 347 307 348 384 297 365 291 251 314 356 345 299 258 327 393 399 406 419 469 364 296 323 454 426 320 109 114 289 243 150 172 74 102 120 137 135 126 98 85 107 191 245 235 229 163 260 289 339 481 370 216 198 139 122 138 173 251 354 370 512 727 679 573 654 575 463 459 506 658 641 701 579 451 563 704 623 541 585 488 479 410 407 482 432 407 479 492 425 349 270 192 215 297 356 331 314 184 142 158
 596 647 691 605 592 593 613 632 660 725 760 743 721 675 675 653 668 732 804 809 900 847 703 651 561 525 529 575 662 724 599 550 649 717 788 687 610 586 602 636 649 695 871 834 688 436 367 383 383 424 388 325 356 309 284 330 307 281 273 292 318 313 373 425 421 427 424 364 356 248 277 467 490 438 254 102 222 359 277 209 86 69 126 145 143 102 103 80 75 145 238 218 204 148 173 235 291 286 469 446 223 291 204 118 147 192 271 409 327 512 742 884 777 635 718 616 512 474 475 624 704 601 567 606 682 723 639 608 490 399 419 328 420 358 412 458 498 497 361 316 278 167 230 275 307 279 164 146 177
 649 641 581 574 596 625 679 693 793 876 919 936 926 765 671 664 704 776 910 878 758 660 573 548 512 530 632 625 717 603 622 548 703 844 742 656 592 576 648 663 705 752 905 788 563 400 459 439 394 385 368 316 304 298 294 284 315 289 272 273 302 382 379 392 430 423 411 330 278 198 299 348 405 320 143 101 330 461 345 208 56 105 108 92 104 109 92 65 167 234 221 177 186 130 178 272 295 248 400 469 268 226 259 135 220 219 261 327 312 383 561 640 590 590 627 701 588 527 455 539 710 709 637 548 600 643 554 670 563 439 355 374 318 306 365 411 394 367 369 280 319 244 188 189 185 206 161 174 251
 577 581 618 625 631 684 708 695 722 748 743 755 766 738 716 717 695 779 873 805 668 552 520 525 548 530 562 594 616 587 612 585 728 841 761 615 573 575 647 658 732 807 745 663 559 422 451 485 387 370 373 305 359 378 344 300 309 275 351 291 295 322 391 372 393 382 328 365 269 195 417 501 325 152 99 132 329 404 277 81 43 69 62 76 114 101 94 83 203 197 193 185 134 134 200 259 255 219 334 482 309 182 258 169 337 255 209 227 265 318 444 442 475 549 770 868 707 636 537 472 729 632 632 640 525 492 492 652 565 462 399 323 311 259 317 327 340 291 245 200 216 221 311 334 242 167 125 209 200
 654 672 730 767 746 814 826 862 889 863 849 828 767 761 750 786 944 921 857 779 589 517 564 539 554 582 594 605 607 587 706 681 651 700 712 635 536 584 644 706 690 715 646 581 499 453 419 395 363 355 331 304 333 367 309 314 341 286 350 323 280 326 334 365 431 381 365 374 210 202 507 442 127 143 251 264 415 331 167 46 63 108 77 72 101 67 97 113 193 149 150 158 134 153 192 212 237 297 359 434 423 184 236 186 310 268 195 207 231 312 544 565 523 570 815 993 869 673 629 494 668 573 523 545 517 470 501 633 593 515 449 390 359 329 233 251 290 238 260 312 206 196 315 335 207 146 122 173 204
 687 735 789 804 776 814 855 863 837 802 763 768 768 796 775 833 987 869 682 572 554 615 555 656 607 637 578 566 579 588 630 675 738 771 676 623 527 602 631 622 727 887 683 506 507 472 433 399 378 425 410 326 272 321 307 310 347 316 414 355 274 291 318 363 323 280 300 219 153 247 360 150 124 412 539 463 395 354 237 96 65 227 83 59 69 104 108 106 133 116 167 154 148 150 147 160 196 182 215 245 364 243 209 209 197 244 179 207 220 289 591 603 552 628 755 902 978 835 748 562 495 562 537 574 497 384 426 550 535 469 383 336 268 270 270 341 352 374 312 356 261 182 223 274 190 133 188 212 302
 686 697 717 731 767 740 780 765 792 754 747 768 775 805 808 803 823 751 610 562 578 541 580 674 610 698 578 569 619 680 772 798 802 809 723 616 580 567 529 643 699 669 571 505 465 440 412 395 414 403 430 460 373 277 309 315 376 339 396 405 390 266 395 455 382 284 203 130 158 369 177 112 323 596 548 508 431 357 297 96 68 178 48 45 81 116 147 112 109 120 127 130 125 132 157 221 262 212 307 259 311 265 167 206 177 183 166 180 211 284 489 491 614 770 895 1020 1136 968 716 569 407 453 401 428 440 380 394 409 401 318 313 277 312 338 295 411 402 422 339 353 288 247 249 176 139 149 211 199 263
 687 742 781 779 768 823 788 743 725 738 757 762 784 869 965 902 677 666 541 550 546 531 553 613 794 730 571 633 702 768 877 770 819 738 638 601 635 576 552 559 661 745 643 561 511 458 440 424 438 397 462 496 372 297 271 276 344 357 411 406 354 268 453 423 373 298 181 101 171 152 102 260 555 603 533 480 358 329 226 48 73 106 60 63 69 116 120 111 110 123 162 156 160 173 250 296 349 314 441 408 506 397 217 193 276 249 165 181 224 393 474 476 623 751 789 902 935 943 760 563 565 674 531 511 570 377 351 326 308 417 464 370 413 389 316 412 494 423 361 377 322 288 205 133 144 217 274 216 249
 741 723 736 763 760 766 746 721 744 739 754 755 772 769 802 731 595 538 538 535 537 556 560 576 657 670 560 570 683 799 652 735 693 617 574 603 571 642 464 576 673 716 625 646 508 462 589 647 555 402 376 386 395 332 268 278 295 336 346 354 283 252 396 398 338 239 125 99 101 164 241 440 623 558 497 420 331 253 110 40 103 42 52 67 85 106 142 124 140 115 139 143 154 208 276 291 376 467 454 648 528 420 311 211 285 284 164 183 237 301 376 468 555 625 632 709 788 835 788 554 545 578 524 441 396 348 497 471 420 615 564 479 424 373 373 436 422 385 323 311 297 251 150 234 226 235 260 249 297
 738 746 712 695 677 704 705 740 779 798 853 720 735 734 630 580 567 563 536 556 583 595 628 646 647 558 549 600 651 573 617 704 712 564 566 764 526 488 566 628 696 576 567 631 578 457 622 813 664 431 385 446 436 324 318 249 258 286 346 372 248 270 369 290 257 174 101 99 104 230 288 394 530 499 376 315 259 89 65 188 136 57 52 49 95 137 157 183 224 191 115 124 177 237 247 271 339 478 618 553 419 346 306 265 274 316 185 191 220 301 494 479 459 513 538 572 666 699 694 638 491 552 486 497 580 434 453 503 535 658 594 505 413 412 467 423 346 339 303 249 225 213 144 219 222 242 284 295 356
 662 717 778 766 747 721 743 759 749 766 811 691 631 624 601 619 666 544 539 552 595 630 606 618 624 548 568 581 560 567 607 610 649 613 538 657 484 499 650 636 502 587 707 620 516 570 540 663 561 402 398 448 405 363 284 291 268 274 275 306 226 313 293 267 234 122 100 99 161 395 389 411 462 336 231 167 132 145 305 268 102 38 46 78 73 115 148 217 237 225 137 126 158 208 246 259 362 479 547 529 409 298 363 331 262 354 208 198 231 266 488 606 550 487 510 537 637 674 651 666 517 470 483 598 496 455 451 546 681 642 573 514 468 505 450 383 352 318 284 261 261 155 154 196 168 219 262 287 296
 689 719 679 646 701 763 799 761 717 734 728 661 717 725 648 648 564 543 551 540 606 604 608 616 567 568 558 533 506 548 654 722 750 632 519 532 471 493 528 538 543 646 649 527 510 626 606 618 553 492 440 431 512 420 295 291 233 283 261 300 226 311 324 306 231 102 99 104 240 533 511 445 362 252 132 162 342 387 349 208 61 63 92 56 77 177 199 251 245 208 135 136 152 236 195 252 348 426 465 557 460 334 553 385 287 328 199 196 238 289 330 420 508 557 564 535 593 689 713 782 664 464 544 588 547 534 577 624 607 548 510 422 424 499 459 434 407 380 358 296 269 125 148 177 247 286 319 354 278
 606 623 623 661 676 707 736 756 735 750 719 727 700 623 599 560 529 528 530 536 541 549 565 546 533 557 605 629 519 525 696 658 576 550 445 515 519 519 509 524 484 502 520 572 646 602 612 615 648 554 429 482 458 367 297 291 241 229 251 246 221 294 329 314 188 100 99 119 339 459 463 404 283 294 286 144 358 422 278 129 53 89 98 54 105 181 198 215 218 238 137 153 183 194 274 253 341 374 392 457 451 476 570 369 344 411 222 197 257 361 437 338 394 480 544 505 528 594 759 809 624 499 397 544 565 556 571 639 576 568 470 377 378 468 413 435 344 371 394 291 249 172 109 215 292 339 370 411 304
 582 639 693 713 749 766 807 794 698 693 737 825 758 712 677 532 541 556 554 528 526 531 533 531 536 556 595 663 565 467 533 502 463 437 462 534 582 547 527 500 476 481 527 646 657 527 636 723 676 549 424 417 384 381 288 248 227 233 244 281 269 320 348 277 123 99 100 108 297 523 388 360 318 476 255 112 280 335 174 70 53 98 116 77 107 182 201 169 188 188 145 193 191 176 313 335 277 280 303 354 389 409 462 333 417 426 197 224 301 521 527 482 378 415 443 468 499 537 578 625 568 525 467 389 480 523 572 604 532 479 501 476 354 409 365 386 306 293 320 302 285 149 116 293 305 297 308 344 349
 653 689 702 708 755 774 762 713 628 741 828 839 733 620 550 526 529 583 571 571 588 532 555 589 649 651 558 572 551 535 433 421 434 443 525 594 604 570 528 467 559 567 618 670 617 522 535 530 481 413 426 428 419 370 239 386 385 386 358 421 351 357 372 268 110 99 103 111 276 418 319 307 360 382 195 78 231 251 135 57 90 89 91 89 109 155 145 154 129 138 169 214 157 237 286 426 363 367 320 393 447 464 402 326 413 361 189 276 365 520 495 485 433 416 470 480 481 488 537 565 561 597 466 365 488 503 472 576 526 473 428 394 367 301 299 315 256 257 299 225 234 150 141 214 247 269 301 325 407
 723 719 731 726 728 691 629 610 719 800 809 736 647 576 517 523 534 536 567 610 593 604 624 647 778 695 539 531 502 520 421 404 445 507 557 638 733 636 519 459 512 638 714 591 496 509 513 431 358 377 407 425 450 299 292 398 389 406 464 490 475 290 235 157 102 116 120 105 203 323 286 241 358 306 133 72 109 132 60 72 90 114 106 96 112 118 121 176 139 165 207 186 177 200 314 432 482 430 359 481 508 573 389 344 415 296 189 319 376 483 516 498 432 409 452 454 462 474 495 488 561 606 480 346 487 470 417 541 553 516 459 422 378 266 263 275 308 535 730 466 210 147 178 235 267 290 306 378 456
 771 777 799 789 736 644 585 674 763 813 734 705 690 535 513 547 600 627 594 555 606 665 604 656 675 609 529 522 479 386 421 434 457 514 608 645 660 648 502 461 606 675 592 542 594 659 532 472 391 300 353 395 415 235 428 404 437 436 495 538 488 358 152 104 201 232 119 110 227 287 236 162 215 202 86 62 67 81 61 73 104 97 91 105 172 164 162 143 128 154 181 175 180 176 348 481 451 432 407 485 632 545 368 404 507 331 201 291 588 698 601 519 489 453 494 531 536 560 509 469 520 507 391 363 501 436 391 482 461 442 462 447 357 290 269 379 318 489 648 519 323 132 209 259 249 265 310 389 452
 718 733 768 755 636 570 614 664 755 779 670 674 533 511 561 570 564 589 547 527 586 608 692 846 825 639 599 462 347 346 422 441 455 535 585 544 544 500 440 490 552 493 529 644 712 653 506 468 414 330 292 270 221 330 423 449 416 385 513 619 504 299 133 120 318 308 142 110 190 200 163 145 122 113 67 58 59 78 98 65 68 68 86 144 197 189 235 217 201 124 165 151 151 187 278 353 338 352 344 586 716 594 381 394 463 286 236 445 651 664 670 652 624 549 485 536 586 640 577 610 787 668 409 359 474 432 388 423 403 345 376 359 356 333 218 254 274 300 286 276 171 116 182 207 224 253 346 395 492
 545 553 558 568 538 539 597 592 635 596 573 521 512 524 523 547 570 538 475 545 633 703 772 794 642 646 590 343 331 402 430 471 478 523 508 458 459 434 474 484 474 529 623 721 587 597 634 490 520 409 444 295 225 309 418 435 326 396 456 445 367 230 202 177 354 338 160 127 138 155 139 113 82 75 71 56 57 78 88 67 72 92 109 155 213 230 279 257 242 129 137 141 162 222 406 424 333 359 391 533 603 600 416 367 365 247 331 580 638 666 732 738 699 670 640 518 574 647 631 740 868 645 424 347 374 393 423 369 345 288 275 284 357 300 224 199 280 330 309 255 173 108 172 166 200 227 319 473 516
 559 573 616 688 661 601 582 585 584 556 535 521 521 510 530 567 519 475 447 452 548 700 820 691 544 568 427 354 393 442 430 489 465 516 458 456 466 494 553 585 529 615 634 612 567 626 577 668 446 344 348 386 256 221 315 296 366 335 295 311 308 309 279 214 322 230 141 123 112 109 105 93 86 79 76 57 63 86 97 80 68 113 99 170 219 257 238 217 171 142 163 175 178 238 356 354 360 313 390 524 483 607 435 467 372 229 452 602 610 630 667 731 756 734 751 631 591 634 712 821 770 579 426 431 378 369 340 328 336 295 399 387 427 424 228 198 256 355 369 317 170 194 156 162 151 199 287 362 354
 615 637 664 692 645 677 678 658 592 602 559 562 547 520 528 539 541 568 495 434 437 471 536 486 450 382 346 337 404 411 394 436 476 465 409 444 528 666 727 630 600 712 623 632 528 472 499 593 382 335 348 320 248 238 287 252 259 243 261 374 454 340 268 181 143 131 121 112 103 113 100 93 84 86 79 62 68 85 79 70 78 99 147 228 251 257 248 181 181 187 168 195 246 299 211 307 276 301 351 409 497 519 438 523 381 228 321 495 533 565 631 647 742 781 759 691 659 613 654 781 715 542 504 469 431 498 457 410 382 375 507 404 349 290 205 170 288 338 365 274 152 174 154 170 166 191 202 205 213
 678 677 675 706 681 631 661 640 608 569 571 584 576 528 513 525 555 571 585 577 523 462 451 455 470 412 435 386 385 307 401 435 508 485 398 461 485 527 568 535 603 581 605 568 423 404 446 433 399 347 408 379 283 204 229 215 240 337 424 435 391 281 206 139 139 126 98 100 106 104 90 86 92 83 68 49 64 70 81 82 93 134 206 263 293 307 276 196 245 173 182 244 390 385 213 263 259 380 597 594 656 515 435 434 346 247 231 503 708 612 604 617 702 767 719 635 568 561 567 631 721 613 554 518 514 513 456 358 319 324 315 287 256 218 190 178 272 330 381 277 198 104 146 204 255 331 229 204 274
 651 644 643 643 695 599 582 584 630 615 576 596 584 552 540 585 630 668 609 538 539 582 605 622 549 474 460 450 441 296 363 457 502 419 362 483 641 653 703 635 576 647 641 478 348 375 470 388 378 369 466 450 387 276 205 216 323 393 408 402 393 235 153 148 141 109 97 102 100 102 93 81 76 76 50 42 69 90 107 97 154 234 197 243 286 333 281 220 213 181 176 238 370 365 251 236 301 498 731 806 575 455 439 458 410 286 243 632 804 704 733 736 606 656 729 687 597 501 485 622 729 612 520 476 475 451 408 413 307 259 249 234 221 179 161 219 297 335 377 300 197 122 156 166 269 379 276 289 453
 629 662 674 632 588 555 524 554 578 621 598 568 526 535 581 621 706 738 645 600 602 624 644 601 579 505 526 466 427 308 307 381 449 420 349 389 462 579 606 559 495 482 450 429 301 386 421 337 323 285 308 281 338 219 201 196 286 356 378 343 315 162 145 134 123 110 104 103 97 91 90 84 67 50 44 51 84 102 137 128 214 266 274 278 308 302 256 286 229 198 235 251 355 422 321 219 309 417 512 664 614 758 714 829 773 381 287 698 800 790 790 750 540 538 611 656 572 491 483 613 764 670 572 568 607 539 504 405 335 273 316 288 243 201 224 190 262 296 317 265 233 118 142 192 315 327 281 398 484
 618 650 682 684 596 585 537 549 580 640 671 584 535 575 662 722 686 617 626 641 720 742 769 804 631 668 569 497 486 410 344 318 389 339 314 351 422 550 537 502 432 432 379 364 254 298 358 338 237 291 257 252 228 258 341 206 257 256 277 313 357 182 132 123 119 107 95 94 86 81 83 77 46 52 47 58 85 98 110 132 220 290 312 271 263 268 303 313 218 246 276 286 372 459 414 336 255 305 525 551 738 856 867 921 747 372 421 811 837 878 672 583 498 525 599 638 547 462 436 570 641 583 503 528 520 555 476 385 281 260 322 333 282 280 224 208 166 221 233 208 236 120 175 211 275 297 287 429 428
 616 635 666 661 589 528 527 544 622 673 704 646 534 576 646 709 600 595 621 670 703 757 741 620 560 519 480 546 552 463 378 296 398 324 441 455 487 502 461 445 402 380 317 259 285 295 254 275 311 380 380 360 327 302 235 197 220 267 261 284 386 276 123 104 104 98 105 107 99 72 78 49 54 52 47 79 86 120 107 175 255 310 256 227 224 315 273 257 186 275 337 282 351 431 471 521 427 280 364 492 550 728 528 696 505 284 563 866 916 900 651 547 496 471 547 546 507 428 507 640 532 493 455 412 446 414 405 381 284 212 274 287 329 305 323 344 216 154 196 162 160 153 296 283 269 249 275 367 391
 597 635 630 588 587 523 517 591 632 638 629 664 558 563 615 573 570 609 631 595 647 632 596 522 455 449 467 554 452 427 447 280 322 304 412 454 401 435 433 409 390 261 271 371 371 346 339 355 343 375 396 408 431 391 208 189 241 243 243 284 248 165 122 107 98 94 109 102 86 60 45 54 59 46 56 106 110 106 146 224 271 290 217 196 317 272 237 193 211 278 331 294 330 376 505 634 574 362 290 306 350 428 445 712 432 313 560 775 814 810 630 534 490 447 465 489 508 415 437 530 600 447 463 387 358 312 326 276 254 208 199 267 309 344 353 306 248 207 159 122 121 162 261 305 356 269 295 338 420
 562 608 608 590 533 486 472 522 547 550 580 598 558 515 524 553 575 582 612 602 641 572 541 516 436 403 447 448 382 339 325 342 306 265 316 332 368 399 383 357 251 243 400 482 500 461 453 398 439 481 512 485 471 325 206 185 180 183 207 259 208 192 159 124 112 107 105 83 70 51 52 59 47 45 85 107 96 115 177 226 246 232 212 223 229 197 211 200 229 276 314 291 362 536 596 545 642 606 403 297 369 484 555 657 387 292 574 628 707 793 628 527 472 449 482 439 427 410 404 461 507 498 440 437 443 426 394 358 328 285 241 204 286 268 372 318 309 278 218 105 150 174 237 302 357 373 442 425 488
 543 515 510 499 439 429 449 496 524 538 545 557 577 547 541 592 599 658 743 775 713 648 609 505 460 444 443 441 415 362 394 483 436 273 273 279 364 371 342 304 236 295 458 548 532 514 470 489 500 530 549 537 441 342 204 198 193 202 181 210 241 339 171 111 98 92 96 72 54 42 49 49 42 87 111 89 101 153 201 231 209 188 204 209 202 242 235 231 241 254 246 308 353 435 426 487 641 682 469 359 302 402 602 625 326 302 553 669 794 856 645 533 492 442 425 423 378 374 427 452 486 487 524 539 523 464 471 398 356 327 287 247 208 239 351 288 345 259 221 108 179 245 283 365 399 389 472 511 480
 551 496 472 461 410 424 467 505 520 544 557 574 612 550 558 574 620 690 715 745 682 586 569 474 485 449 394 378 402 396 443 486 380 292 249 247 295 319 302 273 240 384 515 580 555 513 508 519 547 561 562 533 422 263 203 205 211 219 215 224 310 180 127 102 88 79 73 62 48 52 41 47 65 115 97 87 130 221 251 203 160 253 196 227 222 205 194 221 221 240 308 469 477 531 512 553 714 774 811 565 370 299 343 357 258 361 623 684 732 678 570 501 490 473 454 382 397 399 417 418 511 516 552 569 581 584 497 435 407 361 293 293 235 203 249 244 300 262 164 98 251 307 390 390 343 415 472 449 420
 538 514 424 394 383 420 469 509 519 529 546 588 614 559 509 536 603 684 602 654 585 503 454 494 515 387 401 413 465 516 511 443 329 272 246 230 255 282 269 235 295 376 490 520 523 521 526 528 555 560 520 346 265 221 203 216 218 240 289 287 268 122 106 92 87 78 71 53 59 57 41 71 78 98 82 115 163 241 232 176 196 277 177 230 183 189 199 205 208 268 399 550 583 532 655 836 640 555 710 655 397 296 264 285 243 359 534 616 601 532 501 503 481 432 435 410 359 371 398 539 729 620 576 572 556 524 408 389 392 369 362 353 251 287 204 171 195 207 120 128 240 283 354 356 333 387 435 372 338
 418 390 356 347 368 419 454 474 495 505 512 523 543 504 536 529 612 603 617 619 543 485 441 448 410 393 469 480 500 563 559 365 248 254 256 232 230 253 243 255 404 473 479 535 528 506 517 559 564 537 414 278 254 234 202 213 251 276 266 197 133 106 92 89 88 84 75 61 72 66 43 77 73 75 97 143 180 225 211 172 171 211 207 170 176 175 181 190 237 333 469 438 463 609 501 511 490 499 668 780 412 291 240 259 266 475 706 702 649 539 488 487 481 433 405 402 382 351 428 741 725 665 611 650 610 562 446 441 344 334 305 375 337 363 241 241 221 150 101 134 184 270 273 280 328 297 329 275 327
 355 343 326 336 367 406 435 468 485 495 502 498 484 475 495 518 560 547 633 587 499 457 445 421 464 509 570 613 551 482 474 289 244 247 237 229 230 250 233 348 471 502 485 501 486 488 526 561 568 567 386 281 242 210 193 232 252 248 251 181 114 99 98 95 95 90 84 80 70 62 41 65 67 76 142 157 185 206 232 197 156 179 216 151 162 155 185 235 302 363 316 358 458 533 410 418 638 759 986 698 363 256 222 252 366 689 737 678 661 600 523 482 444 435 435 389 358 348 433 659 600 567 553 663 623 574 432 428 338 346 304 300 282 350 274 300 296 199 106 249 198 169 199 271 231 276 335 313 345
 319 315 324 335 357 390 427 472 490 492 486 499 506 514 546 515 487 488 491 482 475 431 474 478 487 504 609 604 454 475 381 252 233 229 229 229 229 234 248 334 477 482 459 468 464 488 504 515 542 495 346 244 205 187 206 239 241 232 218 153 101 103 105 100 101 96 87 89 84 67 41 60 71 86 132 142 169 182 230 178 147 157 150 139 154 211 256 267 277 284 399 423 394 320 371 500 593 817 649 424 302 237 251 380 606 712 693 622 587 509 464 451 435 428 396 378 401 359 454 534 515 524 524 574 596 565 469 380 377 453 347 241 239 268 218 250 253 188 108 243 215 148 200 171 226 282 360 451 460
 298 300 320 338 356 375 404 430 448 477 503 506 525 538 504 451 447 473 473 465 439 434 461 503 519 550 589 509 380 328 277 239 229 229 229 229 229 255 277 301 390 422 448 472 483 476 482 490 484 390 261 214 188 194 212 226 222 205 191 119 105 105 103 102 108 100 89 99 92 73 40 70 91 107 156 150 154 198 219 194 143 195 157 155 194 219 261 240 238 348 331 432 431 285 433 541 600 555 397 280 233 270 507 648 820 759 709 694 655 576 548 545 538 588 526 477 416 338 415 417 551 507 477 515 579 538 456 378 463 421 371 234 321 224 179 238 169 211 124 207 136 140 157 220 294 334 309 402 416
 286 290 312 337 351 372 404 423 439 465 480 492 501 537 476 452 453 448 463 447 434 430 465 469 502 544 496 360 295 270 278 261 229 229 229 230 242 261 298 318 365 416 443 457 452 453 449 461 355 268 216 186 199 201 201 199 175 155 156 106 100 98 96 105 121 100 92 94 80 74 47 54 79 90 130 136 166 226 185 205 145 219 197 188 188 214 216 202 292 271 333 382 328 329 539 686 500 319 228 228 329 618 707 793 825 770 755 767 764 780 695 599 538 602 621 546 470 365 384 336 378 495 425 445 517 532 443 473 440 379 326 270 346 252 339 353 270 177 134 91 139 174 249 327 336 391 374 413 383
 287 291 320 328 342 363 381 410 422 449 475 501 520 521 486 426 408 416 426 435 449 485 496 483 475 422 320 278 257 250 243 231 229 229 239 253 260 279 307 320 340 370 395 412 414 415 417 372 272 228 192 199 193 186 180 152 115 107 126 98 94 92 90 98 103 86 78 77 67 84 52 60 103 95 107 120 151 168 145 163 179 234 195 209 185 185 195 179 215 257 235 232 240 256 507 681 337 229 273 299 544 762 816 790 800 799 777 805 799 935 983 756 584 521 509 497 501 401 293 254 387 343 393 356 476 466 431 380 415 416 310 394 374 309 393 326 256 202 123 81 167 266 278 371 418 436 428 412 420
 249 291 297 335 335 341 379 407 425 431 445 468 474 498 521 381 371 400 430 449 453 438 389 365 327 290 268 259 252 253 254 241 232 242 255 269 272 284 296 314 324 342 352 361 367 356 313 267 242 197 182 196 186 162 145 110 99 103 97 94 82 71 80 80 78 80 105 100 67 69 45 75 100 110 138 124 136 173 217 275 232 318 261 190 192 170 157 260 361 314 362 488 482 265 304 323 233 255 278 368 589 710 830 816 815 809 806 781 843 1019 1016 775 630 567 546 492 392 393 441 346 240 244 214 268 411 401 346 307 355 446 363 436 340 356 345 279 256 163 91 92 191 304 330 348 373 380 431 377 389
 250 268 294 318 320 340 356 384 395 408 426 437 439 460 430 344 353 385 406 431 408 353 324 293 278 268 271 265 259 256 260 256 247 255 260 260 272 286 309 322 329 339 353 341 299 284 262 236 208 171 160 162 141 126 118 103 97 96 98 98 71 69 83 76 99 108 146 102 77 61 36 72 91 130 221 141 162 190 228 303 235 321 250 174 155 155 233 376 428 454 507 602 550 598 488 242 232 251 289 476 675 729 755 780 856 820 761 727 782 843 758 660 564 513 525 529 505 439 391 320 288 311 281 246 395 305 293 346 428 428 321 426 316 320 303 269 209 112 89 162 219 252 319 397 387 297 385 344 368
 206 237 257 292 326 324 335 344 354 363 400 411 424 421 343 343 358 353 367 386 343 303 277 275 251 272 275 277 274 275 261 252 249 260 283 287 294 299 305 307 300 319 299 268 254 247 223 193 174 150 147 142 134 133 128 113 100 89 93 76 71 73 65 95 106 121 131 93 86 60 34 75 88 128 177 164 174 220 265 268 207 209 216 157 179 266 296 301 329 368 448 717 784 629 356 258 255 271 371 604 655 678 710 763 826 834 739 680 706 705 651 568 551 591 562 548 504 419 354 432 490 393 298 209 231 222 319 429 395 304 340 404 305 274 258 297 213 94 102 151 184 269 367 452 402 244 300 251 303
 166 178 210 253 284 303 298 309 327 350 355 384 377 325 314 302 337 334 328 324 274 262 255 253 239 250 255 248 254 251 252 265 286 282 281 282 281 281 284 282 271 273 266 248 237 206 183 175 163 142 135 131 130 125 131 111 77 72 79 75 64 62 83 122 132 137 112 83 75 55 45 79 97 180 303 248 200 206 265 329 230 168 163 162 229 239 326 389 402 509 568 585 625 516 300 266 306 323 543 609 653 706 830 924 896 770 705 683 691 675 671 585 552 516 477 465 419 393 414 508 501 456 430 371 343 178 274 392 316 237 387 339 282 303 243 280 237 125 95 162 202 296 366 443 390 219 262 292 287
 140 142 168 204 221 251 284 302 311 319 304 282 275 260 260 265 298 296 282 250 248 240 224 212 218 226 238 250 258 269 270 293 293 275 262 259 263 264 264 262 281 283 284 256 255 223 195 166 155 152 145 138 130 116 111 80 84 93 96 70 63 64 105 120 146 125 109 78 75 46 54 84 113 211 298 255 211 262 266 293 229 194 148 231 251 338 325 353 421 392 445 420 593 361 279 300 357 417 643 713 748 739 833 855 776 710 688 690 651 665 690 607 569 610 546 471 520 562 518 516 495 479 478 449 380 279 193 285 219 266 409 309 233 250 244 217 224 146 79 155 249 307 352 415 357 242 167 346 386
 126 106 108 112 119 142 221 269 272 273 219 203 222 223 236 246 272 268 208 212 220 213 207 216 223 244 245 232 230 242 262 260 249 246 244 240 237 236 239 255 267 285 282 264 254 226 198 175 163 155 144 129 121 114 99 85 102 89 85 66 61 76 113 125 141 137 98 78 62 34 72 90 142 217 256 253 198 212 218 254 225 184 146 228 367 387 382 315 319 295 338 513 518 331 295 352 434 465 643 809 893 963 884 765 692 672 660 687 678 663 723 767 745 690 601 628 671 631 589 517 481 473 464 412 324 317 249 157 192 397 389 296 225 165 254 227 178 141 81 167 230 259 273 353 355 240 178 286 385
 213 204 184 201 185 141 109 140 176 190 194 227 254 253 260 271 278 259 207 170 180 202 200 204 210 218 223 220 213 205 201 207 211 217 226 230 229 230 233 236 251 264 262 251 228 225 200 176 164 154 143 133 122 113 103 90 91 104 103 95 79 107 125 127 125 112 90 66 36 57 80 99 156 220 197 196 186 185 221 224 237 203 139 225 272 283 315 259 222 286 426 470 358 317 291 387 452 627 895 932 969 1033 805 715 667 648 661 732 662 691 811 729 694 736 697 818 760 676 543 491 440 417 364 438 434 284 191 175 335 456 379 277 245 177 174 226 143 86 166 225 228 224 230 299 294 246 182 217 300
 225 207 202 230 233 210 157 100 131 152 186 223 223 260 290 272 272 278 231 169 139 156 157 177 194 183 187 178 173 150 142 142 165 186 210 216 224 233 230 220 231 272 258 229 207 208 187 177 164 156 146 138 115 116 91 85 91 102 107 109 106 117 113 113 104 101 73 33 49 73 87 119 175 208 180 171 167 153 169 167 191 204 145 150 176 248 255 208 219 273 291 289 301 269 312 382 481 793 888 857 881 904 819 723 683 620 678 658 661 805 878 685 626 674 662 673 688 531 475 431 454 480 366 339 345 279 161 318 383 425 347 256 215 155 96 115 121 180 151 190 263 347 372 352 309 182 175 180 254
 236 228 200 184 198 200 176 115 127 170 211 240 251 250 263 267 278 280 211 147 127 114 105 99 121 139 142 130 103 99 108 111 108 128 170 192 202 210 211 202 237 266 233 213 187 182 176 174 158 148 137 133 127 108 89 110 95 80 78 87 110 104 110 108 94 75 39 32 73 93 100 148 190 180 178 140 149 145 126 124 138 137 136 165 187 188 194 235 245 234 223 244 238 254 345 393 557 779 719 773 715 833 843 768 658 621 633 638 681 856 936 741 591 595 623 635 704 540 441 372 383 365 412 280 231 211 182 186 168 263 294 242 190 102 143 245 227 276 162 152 211 281 354 331 255 178 162 158 179
 237 201 188 174 165 164 154 124 106 148 191 221 239 241 237 251 269 265 170 117 105 153 166 142 128 112 94 95 92 140 164 154 129 104 105 144 165 174 177 193 218 233 205 183 171 160 156 152 141 132 134 138 128 95 101 109 101 77 48 64 94 94 101 100 73 34 31 68 90 99 135 178 197 159 136 126 126 129 142 158 226 221 172 135 169 174 202 176 192 177 205 212 224 284 339 408 666 729 661 660 756 885 818 677 659 631 630 630 611 731 929 700 587 595 550 579 640 596 465 420 476 419 283 267 362 365 379 334 180 218 282 211 177 104 158 311 318 318 218 195 151 235 304 325 232 201 166 149 149
 231 216 200 194 185 191 188 180 144 106 123 153 191 218 218 207 247 228 107 97 135 156 164 151 144 135 127 123 103 147 175 160 170 183 150 108 106 110 138 173 220 234 288 287 270 230 177 141 124 121 124 128 120 97 115 115 108 82 60 57 75 71 62 73 40 48 49 49 107 117 135 150 153 120 118 142 176 176 181 166 218 243 207 180 150 187 218 231 242 189 194 194 211 272 285 456 751 637 520 629 792 807 712 653 648 632 628 603 593 767 919 696 565 573 546 524 616 640 530 509 514 448 297 428 457 428 355 306 171 216 271 219 168 116 143 295 289 302 231 238 213 251 291 335 314 349 255 146 146
 284 250 233 229 213 227 236 223 207 192 152 134 127 131 159 141 159 117 137 145 171 170 182 173 177 204 190 155 109 151 192 173 194 201 194 184 182 167 140 114 129 168 232 253 276 264 208 142 128 118 112 110 96 109 114 109 101 92 78 89 106 98 92 60 25 61 45 41 77 89 99 113 128 134 152 161 188 204 213 199 206 263 266 192 152 222 276 299 259 243 222 238 188 204 255 437 542 454 517 711 766 757 723 699 675 664 684 682 587 700 795 632 598 543 525 536 568 609 579 499 466 371 341 440 487 461 382 323 226 134 195 192 136 98 143 205 222 253 243 263 288 335 316 298 328 327 239 182 163
 330 284 296 273 269 249 250 226 212 210 209 204 209 180 156 186 207 216 224 232 202 195 186 200 231 298 257 195 147 139 192 238 190 192 239 226 258 286 264 199 132 91 93 168 171 216 196 152 123 116 110 85 107 108 107 108 102 82 89 110 117 102 90 66 21 34 79 83 100 109 112 145 187 181 178 174 178 192 197 226 237 283 321 196 148 211 262 226 225 296 256 276 253 207 232 303 356 551 526 655 693 741 756 726 694 744 800 689 563 592 627 549 539 507 556 605 587 626 611 523 464 424 460 456 441 381 310 277 232 181 125 129 104 158 239 195 209 261 322 286 292 296 292 277 207 193 164 168 154
 358 320 294 257 278 288 268 250 231 210 209 213 216 213 218 238 239 266 271 277 276 263 252 283 278 308 338 293 204 133 207 326 254 207 254 286 284 314 240 213 259 304 185 84 109 177 149 143 117 110 107 87 119 113 106 108 101 99 100 113 106 97 85 75 28 39 73 96 123 120 125 136 149 157 179 192 192 189 188 224 257 291 308 244 162 153 179 240 258 265 347 528 324 252 248 295 402 650 605 631 685 753 726 743 686 750 824 752 710 568 527 483 507 502 535 566 597 647 619 537 495 515 497 474 469 406 321 255 188 205 167 94 181 312 241 235 235 332 317 248 271 326 265 260 193 147 189 232 171
 396 320 290 269 231 232 232 224 227 219 213 240 246 227 222 250 275 286 285 293 303 309 322 338 341 355 353 297 205 157 230 310 327 269 276 332 369 379 371 386 326 386 310 157 83 78 87 100 102 96 85 84 91 103 103 109 97 95 101 102 90 96 92 75 40 25 67 88 117 139 149 159 132 168 175 175 180 180 186 218 230 294 331 306 208 144 221 244 392 459 487 589 367 266 319 308 448 706 682 638 737 734 703 672 664 693 722 869 708 659 585 505 487 554 564 551 616 642 575 534 490 540 526 527 534 424 333 247 216 186 166 121 128 259 228 262 342 365 334 252 260 296 270 210 160 152 201 197 187
 481 361 315 267 257 273 247 258 240 228 243 297 323 304 273 255 262 290 301 302 320 342 363 373 377 388 368 311 314 203 195 271 352 330 333 356 375 391 400 403 357 346 287 211 182 116 80 83 77 73 98 122 106 94 100 105 95 89 99 95 81 83 83 87 56 18 55 93 157 216 207 228 182 140 149 170 184 203 209 315 371 331 279 345 331 175 191 321 376 370 386 447 445 301 331 327 501 710 693 735 796 782 716 680 640 604 620 700 730 654 540 474 470 505 550 590 587 570 538 493 471 486 531 515 499 444 322 273 270 268 221 159 99 156 132 211 323 347 322 295 224 281 232 156 260 259 210 179 181
 481 446 490 386 377 389 372 373 316 264 273 320 371 344 306 298 288 284 292 306 327 351 379 391 391 392 363 324 282 218 202 278 344 364 341 378 399 405 402 386 327 317 287 217 165 138 71 69 70 84 111 127 124 99 78 104 90 88 94 93 86 63 68 80 56 13 53 132 191 160 196 219 238 173 142 173 203 251 307 324 389 424 364 350 342 194 230 197 220 249 278 345 375 318 338 370 552 718 785 805 853 794 760 703 616 659 624 627 743 720 554 477 537 564 552 528 498 521 511 464 470 445 485 485 421 383 318 263 239 221 179 159 125 91 114 159 247 296 291 271 229 266 225 157 294 320 240 229 233
 429 488 527 591 496 437 420 435 372 339 358 345 361 336 323 342 336 315 311 314 313 319 345 375 396 400 398 379 308 223 204 291 389 412 413 417 419 396 362 322 288 270 241 201 127 105 96 92 93 104 115 130 140 106 80 74 79 72 69 71 68 85 60 58 36 15 92 141 198 192 176 179 168 176 201 259 392 415 444 457 477 460 431 418 317 220 390 440 288 189 226 283 333 365 370 533 685 723 805 774 678 696 644 519 572 756 663 577 625 576 507 489 538 582 570 515 474 529 493 424 472 503 461 412 355 308 346 265 242 184 237 189 204 88 98 127 187 215 227 223 234 241 165 150 223 257 297 355 296
 453 531 597 641 568 448 417 408 419 428 436 400 365 357 335 340 341 325 331 346 338 314 301 320 357 379 385 388 358 293 198 300 402 412 390 369 330 301 241 221 204 178 166 136 108 102 102 103 101 105 111 123 128 105 88 71 61 58 81 77 99 93 74 37 11 40 107 202 267 284 213 211 199 189 297 356 426 463 467 490 508 471 429 434 332 241 334 528 475 318 182 290 384 421 497 690 641 751 799 676 592 599 496 471 712 682 622 548 530 493 523 535 513 560 582 546 471 460 456 402 479 526 516 434 347 287 360 275 298 198 309 214 205 121 73 90 99 169 187 174 203 193 159 173 221 316 327 366 316
 520 559 617 632 579 502 436 395 407 417 468 461 412 354 330 341 353 379 364 366 374 372 338 308 292 283 287 259 251 226 198 265 308 339 317 273 239 226 217 221 224 216 163 116 103 95 98 106 109 108 108 111 112 97 105 122 85 77 97 94 98 92 74 29 10 74 140 165 197 212 220 193 181 273 328 393 424 431 445 469 486 448 398 361 273 274 335 420 639 465 225 218 374 486 562 622 580 666 660 595 503 414 415 653 768 716 678 593 478 433 521 530 538 603 612 554 491 412 391 370 453 519 543 441 376 260 365 347 307 292 316 207 228 150 89 81 81 193 264 261 226 163 143 154 250 273 286 304 314
 499 540 608 586 535 493 449 395 379 424 447 456 438 373 415 426 394 400 393 394 368 356 342 307 265 206 188 189 204 199 214 247 277 312 272 279 258 258 270 278 286 253 202 151 125 96 92 102 105 106 105 105 101 94 109 121 93 84 88 102 100 84 60 12 15 96 141 158 152 172 163 163 203 287 364 398 434 460 482 503 514 467 418 347 269 258 317 371 597 508 303 224 237 356 377 529 651 627 581 537 433 350 524 778 744 690 658 601 553 443 441 562 606 619 563 534 490 462 447 437 356 388 420 409 316 270 371 335 294 323 285 208 306 230 122 109 97 98 166 227 261 260 168 149 231 301 269 284 305
 494 512 503 522 574 495 436 402 368 425 394 433 459 418 468 440 411 374 400 405 380 363 327 308 277 185 207 274 314 315 313 305 297 295 325 327 308 301 280 250 245 259 250 219 125 100 89 92 98 98 97 105 106 100 102 107 92 89 96 107 97 79 41 8 38 105 129 133 137 144 161 165 229 385 402 441 450 480 510 523 513 492 419 300 321 356 366 352 458 621 401 327 226 219 310 527 653 620 531 402 349 366 645 740 651 618 635 629 578 432 507 589 601 543 512 537 487 504 512 513 476 372 290 335 260 251 325 326 259 307 238 212 324 275 220 146 127 86 93 139 211 223 237 166 226 367 338 310 305
 442 492 532 564 585 451 433 425 367 365 364 442 434 412 424 425 438 374 366 371 357 359 350 331 271 186 209 282 345 374 379 394 392 382 381 373 362 350 313 284 239 204 183 148 118 101 98 91 79 90 83 96 99 101 99 94 93 93 98 118 98 73 20 9 63 96 112 131 154 145 161 165 240 391 396 419 442 472 498 502 524 510 352 312 422 423 474 512 653 536 440 341 228 198 255 427 446 546 399 328 327 407 709 744 752 643 550 543 400 484 539 530 505 510 490 491 435 429 446 474 433 391 325 282 292 210 320 334 276 289 221 187 284 321 311 190 147 94 79 165 297 256 256 223 208 323 365 352 352
 608 581 579 584 598 548 454 400 425 397 361 373 395 414 425 373 391 354 322 331 315 317 315 266 243 287 214 212 341 384 378 384 375 373 377 381 391 392 355 326 300 288 261 164 121 119 103 100 98 83 70 78 86 95 90 83 80 83 82 109 98 63 9 31 81 105 123 133 149 147 134 149 244 369 350 411 401 455 484 492 512 528 355 299 358 437 473 570 655 480 395 346 268 225 209 211 233 263 250 274 354 533 624 638 693 672 562 478 391 501 473 447 472 499 500 448 472 446 347 334 381 356 364 284 291 189 270 303 321 342 251 233 174 259 210 177 117 72 98 170 261 289 299 323 294 298 327 326 308
 604 662 641 645 624 657 589 505 513 430 369 360 348 386 438 363 303 285 292 300 291 271 256 284 379 355 274 195 284 297 315 349 322 368 376 407 407 396 381 400 386 381 401 318 137 111 105 102 107 115 79 59 75 81 77 73 75 73 66 79 88 30 9 60 100 140 149 134 135 168 156 162 236 279 304 350 383 456 470 484 527 553 410 314 342 370 440 533 678 484 328 289 284 250 321 408 372 375 358 248 352 645 590 575 603 473 371 395 444 434 416 507 507 444 445 481 551 511 463 382 271 279 275 283 278 238 196 251 316 325 271 276 144 168 163 151 98 68 103 183 300 346 303 322 331 293 285 313 269
 630 612 586 605 598 630 626 535 520 518 529 494 436 380 313 297 332 404 354 418 467 434 394 453 377 267 185 234 289 278 249 259 313 346 363 389 383 354 380 429 446 420 433 409 270 126 105 104 105 107 108 69 50 62 68 61 68 72 71 65 42 9 39 74 123 144 167 164 151 174 184 190 278 344 367 373 437 504 525 514 559 583 522 330 469 465 443 593 617 389 300 288 306 360 603 733 637 505 383 242 430 673 595 528 591 413 328 327 388 348 471 491 406 416 400 497 479 533 497 399 376 286 219 300 319 270 237 178 226 297 227 182 110 126 126 127 109 74 129 297 372 322 308 302 262 314 274 338 295
 599 584 565 626 557 602 609 511 454 440 454 445 395 328 331 359 433 526 507 510 487 407 406 370 361 203 218 296 379 466 392 322 283 290 345 387 365 343 381 429 430 419 404 402 370 285 134 114 111 112 104 91 61 55 50 56 62 69 65 54 15 31 65 88 140 135 144 175 181 179 199 209 260 310 383 442 452 487 551 546 546 590 568 365 438 546 573 681 480 319 312 317 423 511 523 796 684 534 294 258 494 657 598 566 502 505 484 473 317 254 355 322 384 314 424 470 402 459 396 472 376 354 210 333 344 282 268 200 128 134 160 120 123 124 115 101 87 82 204 303 376 306 294 286 236 271 297 338 271
 529 534 617 603 557 529 516 584 514 476 423 371 372 382 489 491 547 571 643 573 522 531 465 369 237 198 263 438 472 566 499 456 377 315 299 314 306 311 370 413 404 388 416 413 464 462 265 120 123 140 100 86 72 68 70 59 56 49 53 28 5 49 71 100 129 125 144 169 180 188 199 213 245 273 385 469 460 504 531 547 512 549 455 406 395 486 637 649 409 420 565 419 409 617 789 877 515 361 259 305 513 691 631 590 542 451 458 448 463 321 287 207 253 261 308 364 308 282 251 286 326 196 309 358 323 248 210 136 79 93 104 131 117 152 158 127 67 122 217 282 345 291 318 266 216 233 304 272 214
 494 584 583 572 482 538 660 681 626 571 494 491 461 441 576 600 549 540 626 606 588 435 498 513 255 192 331 437 528 552 515 464 405 374 324 294 324 422 412 378 379 383 409 460 492 437 348 162 150 146 129 82 71 70 72 69 65 56 51 11 5 72 84 89 117 142 156 169 190 198 224 208 243 267 352 431 429 467 541 548 494 473 357 399 478 604 718 583 383 596 546 431 446 738 876 663 448 313 294 345 541 650 638 629 582 508 505 580 576 475 303 335 248 353 284 231 235 220 204 167 191 177 387 375 315 258 209 87 75 88 101 107 83 139 176 151 75 138 255 301 283 243 299 280 245 239 256 227 210
 453 495 469 486 598 677 645 649 704 656 602 555 533 602 636 576 531 473 612 534 614 507 401 349 264 196 295 419 467 464 551 564 511 435 462 409 311 391 458 463 500 490 434 451 446 400 317 224 145 185 161 106 69 62 62 65 58 57 59 18 12 87 76 99 136 147 152 199 195 188 244 208 229 259 290 355 385 491 519 503 463 445 371 361 421 627 625 512 462 685 475 436 526 713 693 604 405 325 355 412 517 662 659 681 654 556 523 583 504 355 284 358 414 483 468 428 411 315 247 258 243 161 321 302 267 275 246 120 62 80 82 66 81 73 102 102 97 180 269 185 234 203 217 201 211 187 217 210 201
 472 554 610 622 622 647 609 619 625 647 652 638 610 594 631 643 564 444 595 490 505 338 215 213 203 231 266 364 360 418 508 513 552 543 559 523 438 357 394 475 511 538 471 473 473 442 307 233 183 148 152 136 91 62 55 61 55 53 59 19 4 46 72 102 120 132 168 178 165 176 224 206 211 238 274 326 345 457 471 497 423 445 409 320 391 631 545 444 573 679 470 498 576 700 569 490 334 343 399 437 568 636 625 630 655 548 491 487 421 447 396 471 554 520 476 397 351 271 330 342 333 255 165 202 200 215 242 151 70 75 69 66 90 133 120 99 137 192 180 248 340 321 285 272 226 201 201 162 165
 632 642 593 568 598 581 593 566 616 649 606 600 623 604 567 550 524 419 457 446 395 247 254 312 337 471 363 376 485 437 450 449 556 587 571 529 475 421 391 445 497 518 460 455 438 366 357 258 199 150 122 127 139 94 54 51 50 52 47 22 5 44 62 101 111 135 156 155 149 160 195 196 233 239 244 287 348 424 469 444 410 379 351 297 429 587 470 388 485 555 462 464 496 589 442 352 307 379 451 463 594 628 598 577 603 580 531 509 449 485 473 526 552 531 529 449 342 282 412 384 357 295 209 156 143 201 230 185 63 49 78 66 71 107 104 124 245 203 279 301 308 329 313 308 297 233 209 177 168
 622 613 597 537 552 537 549 657 661 622 575 549 632 613 605 617 577 585 464 402 390 241 338 520 631 562 451 407 560 613 598 581 567 617 586 541 508 430 439 459 456 479 432 442 412 330 388 294 223 196 187 116 111 116 51 49 49 52 46 20 12 61 67 94 99 119 148 141 157 149 167 193 232 257 237 326 344 374 457 423 344 304 289 293 350 418 399 431 580 630 466 395 456 455 371 326 442 381 484 593 593 600 612 606 545 546 549 554 520 546 516 527 526 509 516 486 389 374 350 342 289 249 223 228 164 123 169 156 58 72 125 68 52 87 101 195 281 351 317 344 341 338 322 310 319 245 197 191 174
 573 556 563 486 505 569 636 634 645 627 562 519 616 612 546 634 577 611 577 465 250 293 372 546 616 542 460 401 577 624 585 571 602 631 609 538 504 448 473 461 438 429 396 414 394 304 339 308 256 241 200 144 109 95 65 45 45 53 49 7 30 55 69 88 104 139 157 152 150 144 194 196 266 261 234 286 328 364 357 329 279 299 343 308 307 374 462 532 550 484 432 375 452 354 329 518 608 534 597 629 622 594 625 636 546 519 516 557 569 494 533 537 489 469 479 518 488 415 374 321 297 267 267 207 178 168 117 105 48 98 168 53 98 79 131 238 304 333 317 330 324 330 339 322 281 267 221 188 178
 458 475 482 513 549 552 585 607 653 603 567 543 529 604 533 602 574 524 517 440 249 302 405 562 624 568 490 433 560 592 511 529 579 599 612 552 494 447 503 457 439 409 366 379 384 323 262 263 236 323 268 276 190 125 101 55 38 46 40 7 40 52 69 78 99 121 164 143 125 166 222 196 256 253 194 217 264 307 311 274 276 341 368 288 357 447 621 615 449 377 393 360 389 325 388 562 624 603 653 604 580 587 629 654 602 475 483 566 554 478 490 496 462 450 440 483 499 422 356 337 298 288 253 211 223 186 166 91 56 101 169 65 80 99 175 185 251 296 306 283 305 321 315 337 338 290 202 176 178
 610 594 615 611 600 602 607 613 625 596 539 529 504 480 529 514 548 573 448 286 339 458 460 493 582 600 595 486 495 528 548 628 616 601 569 553 519 430 464 452 411 394 384 345 324 323 246 215 209 275 277 232 170 128 138 93 50 40 23 23 56 57 65 75 98 119 132 132 127 184 227 204 168 188 197 201 240 256 224 271 397 399 316 322 405 553 614 495 383 352 340 363 359 329 474 541 488 491 510 535 566 635 618 601 566 517 445 505 492 504 437 456 430 421 415 455 468 476 412 392 312 354 295 229 252 209 164 88 72 80 128 59 94 161 180 217 209 256 287 281 291 281 298 362 334 315 207 181 173
 578 583 586 568 539 547 560 585 575 593 629 618 596 548 464 458 430 427 351 270 474 559 582 563 524 606 598 511 488 444 457 533 566 542 489 482 476 382 387 415 394 379 363 326 294 285 238 212 219 205 211 197 180 115 140 136 75 38 7 31 68 66 64 77 95 117 117 112 141 171 167 152 198 222 254 299 217 215 274 245 324 336 257 312 449 580 499 374 344 345 344 367 351 338 381 376 364 377 433 475 571 628 617 582 577 505 456 486 446 414 405 404 388 414 424 425 434 495 480 414 355 390 376 302 255 241 178 68 69 86 107 70 182 304 168 183 256 301 312 332 342 287 261 336 303 274 232 160 164
 535 505 524 521 547 600 605 622 680 714 636 608 626 615 571 544 485 325 280 422 554 621 639 613 584 617 626 608 576 529 405 414 451 477 422 401 394 338 338 356 353 370 351 305 295 314 272 234 219 195 212 201 160 108 111 123 88 47 5 41 71 74 65 75 95 114 102 109 131 138 127 181 198 252 321 306 274 283 336 296 241 223 251 393 496 490 387 353 336 337 323 354 326 312 338 406 412 407 464 485 523 593 616 586 585 527 526 572 530 481 409 351 372 399 408 403 429 466 478 425 384 377 378 326 254 225 142 66 65 62 47 100 214 199 148 154 271 323 329 351 365 308 206 262 299 264 175 164 161
 482 560 570 566 587 603 616 680 700 748 620 546 537 562 570 553 563 360 337 570 609 604 580 623 711 721 676 558 478 471 552 456 352 352 404 425 324 296 294 311 324 345 343 281 297 317 269 241 237 216 272 246 238 178 126 103 76 63 14 42 72 68 70 89 97 100 105 148 141 140 120 180 220 278 312 300 349 373 385 349 345 254 315 507 525 448 347 333 328 317 313 308 304 311 381 538 551 450 465 491 495 565 604 593 562 523 556 531 488 441 450 381 356 343 380 411 447 450 429 413 303 307 377 308 238 242 152 67 60 50 40 54 139 125 128 140 177 220 284 330 358 322 205 227 289 265 177 183 173
 554 516 538 586 576 585 590 641 618 657 644 611 609 565 508 486 436 366 324 563 575 538 574 601 643 692 714 582 482 436 358 377 384 308 412 338 288 266 269 312 323 327 287 249 262 263 238 223 250 232 274 245 233 189 160 118 89 62 23 32 63 67 70 87 93 96 109 143 128 119 132 198 247 273 272 294 323 361 384 316 378 296 472 513 446 375 349 338 330 320 305 309 311 323 428 553 557 476 448 476 488 556 626 608 579 541 508 548 496 400 404 377 394 357 398 435 439 417 397 365 287 292 363 269 232 175 153 75 58 53 40 50 60 87 107 134 147 244 304 343 358 304 212 209 289 301 169 159 181
 616 590 647 624 632 644 611 617 584 637 611 558 583 612 586 545 447 343 412 513 500 554 583 556 602 583 633 607 638 481 382 337 317 260 286 254 246 234 263 288 294 281 242 226 236 246 220 194 216 218 252 244 225 228 207 133 63 60 15 23 51 65 70 82 84 88 105 111 102 149 186 251 252 230 245 279 298 303 300 301 370 387 542 490 373 350 355 383 407 358 323 312 382 381 467 512 568 509 457 450 500 530 576 617 547 492 442 533 515 440 385 352 330 331 416 394 421 405 399 318 280 269 275 264 241 202 141 80 57 45 39 47 53 57 88 138 153 215 295 335 360 309 201 203 310 294 178 159 188
 602 567 643 589 567 649 583 570 613 725 806 633 553 565 585 584 515 379 333 412 566 576 538 501 549 570 541 555 615 588 458 506 431 342 277 247 221 201 206 234 254 247 217 211 224 233 233 199 185 197 206 217 204 229 152 113 44 32 12 38 48 58 77 74 81 92 89 99 105 162 211 228 216 231 250 252 326 369 302 349 328 430 445 396 357 362 439 512 396 352 314 326 468 522 569 579 566 515 451 464 537 535 541 624 562 483 390 478 495 439 413 397 284 339 419 386 401 395 415 355 265 210 203 210 166 168 99 76 54 40 40 47 47 58 98 89 125 238 276 302 343 322 242 171 304 272 169 164 173
 595 546 627 616 543 566 544 611 738 708 750 793 657 546 535 550 526 443 390 396 473 472 472 489 494 499 518 554 625 734 709 593 445 385 333 303 276 239 205 177 190 214 191 199 243 220 233 224 186 177 176 197 196 188 117 50 38 28 26 47 41 61 69 65 112 116 109 93 109 147 193 196 231 256 325 341 310 310 315 342 371 403 361 337 350 394 531 453 417 363 300 409 505 556 598 602 592 536 458 492 528 545 498 593 564 501 385 431 489 424 386 388 319 303 413 404 367 392 426 362 318 232 179 179 148 152 77 60 55 45 54 79 47 59 101 78 83 163 189 251 331 345 270 174 245 246 169 167 168
 606 556 615 553 505 524 562 608 631 633 671 812 735 621 515 469 497 530 452 386 514 595 614 699 728 705 715 709 780 842 670 645 692 514 389 334 301 267 238 214 165 155 155 201 219 235 216 240 194 162 150 163 174 133 92 39 39 20 26 37 49 66 64 80 121 108 120 105 119 138 203 212 241 262 311 354 381 439 354 324 410 413 335 336 346 437 494 349 393 355 306 439 557 574 573 592 602 552 474 459 498 498 476 512 549 514 435 337 464 418 385 358 362 271 365 379 358 422 413 356 340 204 172 140 144 107 81 52 48 41 50 68 60 64 78 58 77 151 250 287 335 335 279 204 202 246 165 165 179
 542 509 524 509 564 659 712 651 626 646 670 761 609 626 616 530 518 454 428 482 589 570 621 762 861 759 761 686 647 672 573 657 704 671 547 473 387 309 315 260 194 165 134 158 181 170 204 223 202 157 152 144 188 103 61 35 41 32 9 33 54 53 69 86 114 110 126 114 141 158 184 193 240 271 314 362 412 495 497 426 334 311 288 303 390 371 347 323 364 361 320 392 536 539 556 602 587 555 523 473 457 470 484 441 503 482 393 325 367 369 360 343 345 318 256 318 351 404 378 311 262 197 154 119 105 83 80 43 38 39 43 48 49 56 62 59 82 125 217 266 299 298 269 227 175 261 174 162 193
 567 485 525 571 649 709 744 731 864 802 680 645 521 721 767 588 572 542 399 426 512 554 603 637 685 594 615 580 585 617 543 589 608 706 691 636 597 497 397 277 223 195 150 129 144 143 211 225 205 160 143 175 166 96 50 54 41 44 10 36 42 50 64 75 87 104 120 130 128 185 228 238 220 310 362 434 482 458 463 448 363 307 326 293 427 319 295 311 333 328 315 337 479 566 570 575 579 536 506 471 418 425 428 422 471 459 421 426 376 283 294 341 319 338 232 360 382 409 328 303 183 172 157 140 87 81 68 48 40 39 45 52 56 66 58 66 62 84 110 200 292 301 314 194 165 211 174 163 217
 674 708 680 708 590 629 648 716 766 782 632 563 519 721 858 777 571 517 495 393 491 497 523 567 592 549 587 562 564 563 511 531 579 571 575 660 853 752 484 361 272 224 188 156 120 105 140 186 166 174 141 175 122 80 46 45 39 40 8 29 31 42 54 72 92 126 118 113 139 199 269 328 266 272 357 424 420 409 482 533 503 379 377 313 369 290 324 372 333 314 302 324 471 518 589 602 589 554 530 492 477 484 422 340 415 338 405 460 478 356 256 297 366 266 235 369 422 400 321 202 182 196 131 112 98 86 63 51 38 37 57 81 104 104 105 107 94 89 100 118 197 242 294 175 168 175 177 162 246
 706 698 676 727 733 759 742 734 612 677 681 532 506 613 733 855 759 734 594 506 393 507 523 480 495 500 496 488 510 546 565 566 505 578 659 671 718 749 782 717 469 292 225 185 154 120 117 90 115 160 136 188 104 73 54 49 39 31 4 25 51 45 57 75 89 115 113 101 163 212 278 333 339 295 357 446 425 376 511 521 386 362 313 339 316 266 303 329 323 307 282 298 383 432 454 489 584 576 560 542 514 492 458 379 412 377 266 400 455 398 306 242 333 255 298 365 394 390 266 181 157 156 105 94 83 87 47 38 38 70 170 161 165 166 180 185 164 144 112 101 156 190 206 185 170 252 205 165 232
